123456789
123456789­ЪцАkпепе├Е├а
123456789­ЪцАkпепе├Е├а
123456789­ЪцАkпепе├Е├а
123456789­ЪцАkпепе├Е├а
123456789­ЪцАkпепе├Е├а
123456789­ЪцАkпепе├Е├а
123456789­ЪцАkпепе├Е├а
123456789­ЪцАkпепе├Е├а
123456789­ЪцАkпепе├Е├а
123456789­ЪцАkпепе├Е├а
123456789­ЪцАkпепе├Е├а
123456789­ЪцАkпепе├Е├а
123456789­ЪцАkпепе├Е├а
123456789
123456789
123456789
123456789
123456789
123456789
123456789
123456789
123456789
123456789
123456789
123456789
123456789
123456789
123456789
123456789
123456789
123456789
123456789
123456789
123456789
123456789
123456789
123456789
123456789
123456789
123456789
123456789
123456789
123456789
123456789
123456789
123456789
123456789
123456789
123456789
123456789
123456789
123456789
123456789
123456789
123456789
123456789
123456789
123456789
123456789
123456789
123456789
123456789
123456789
123456789
123456789
123456789
123456789
123456789
123456789
123456789
123456789
123456789
123456789
123456789
123456789
123456789
123456789
123456789
123456789
123456789
123456789
123456789
123456789
123456789
123456789
123456789
123456789
123456789
123456789
123456789
123456789
123456789
123456789
123456789
123456789
123456789
123456789
123456789
123456789